0 0.08173076923076923 0.27163461538461536 0.12379807692307693 0.2956730769230769
0 0.24278846153846154 0.26322115384615385 0.15625 0.30408653846153844
0 0.39663461538461536 0.25721153846153844 0.11057692307692307 0.33052884615384615
0 0.5600961538461539 0.24759615384615385 0.16947115384615385 0.35216346153846156
0 0.7211538461538461 0.24519230769230768 0.12740384615384615 0.3786057692307692
0 0.9038461538461539 0.24158653846153846 0.17427884615384615 0.35216346153846156
0 0.06850961538461539 0.6382211538461539 0.125 0.3401442307692308
0 0.23677884615384615 0.6634615384615384 0.1141826923076923 0.3088942307692308
0 0.40384615384615385 0.6682692307692307 0.12379807692307693 0.3245192307692308
0 0.546875 0.6694711538461539 0.13942307692307693 0.3112980769230769
0 0.7139423076923077 0.6538461538461539 0.10216346153846154 0.3112980769230769
0 0.8894230769230769 0.6478365384615384 0.1875 0.31850961538461536