0 0.140625 0.21875 0.08774038461538461 0.19110576923076922
0 0.18389423076923078 0.5408653846153846 0.06971153846153846 0.5036057692307693
0 0.29086538461538464 0.5180288461538461 0.07211538461538461 0.6610576923076923
0 0.5456730769230769 0.5384615384615384 0.0889423076923077 0.6730769230769231
0 0.6814903846153846 0.5324519230769231 0.07091346153846154 0.6682692307692307
0 0.9194711538461539 0.30288461538461536 0.055288461538461536 0.4519230769230769
0 0.9819711538461539 0.43028846153846156 0.036057692307692304 0.5120192307692307
0 0.7259615384615384 0.08052884615384616 0.06129807692307692 0.15985576923076922
0 0.6298076923076923 0.19471153846153846 0.04447115384615385 0.2860576923076923
0 0.5348557692307693 0.10216346153846154 0.046875 0.19110576923076922
0 0.47596153846153844 0.33533653846153844 0.04326923076923077 0.42427884615384615