0 0.661966 0.814530 0.178632 0.370940
0 0.485043 0.325641 0.089744 0.384615
0 0.845726 0.342735 0.062393 0.446154
0 0.900855 0.338462 0.083761 0.379487
0 0.755556 0.418803 0.121368 0.109402
0 0.607692 0.347863 0.037607 0.244444
0 0.555983 0.305983 0.035043 0.259829
0 0.401709 0.264957 0.032479 0.184615
0 0.364530 0.278632 0.045299 0.215385
0 0.315385 0.307692 0.058120 0.297436
0 0.220940 0.276068 0.033333 0.217094
0 0.149145 0.383761 0.093162 0.637607
0 0.049573 0.378632 0.078632 0.299145
0 0.011538 0.336752 0.021368 0.413675
0 0.079487 0.239316 0.051282 0.126496
0 0.257265 0.298291 0.027350 0.176068
0 0.697863 0.245299 0.043590 0.117949
0 0.753419 0.249573 0.021368 0.102564
