0 0.132500 0.738011 0.097000 0.523979
0 0.199000 0.619893 0.048000 0.358792
0 0.287500 0.693606 0.129000 0.612789
0 0.356500 0.513321 0.059000 0.177620
0 0.403500 0.796625 0.087000 0.406750
0 0.418000 0.626998 0.076000 0.316163
0 0.501500 0.636767 0.057000 0.335702
0 0.560000 0.619893 0.060000 0.344583
0 0.629500 0.717584 0.125000 0.564831
0 0.679000 0.608348 0.030000 0.310835
0 0.702500 0.619005 0.041000 0.293073
0 0.763000 0.655417 0.038000 0.316163
0 0.801000 0.612789 0.030000 0.301954
0 0.848500 0.642096 0.041000 0.346359
