0 0.1310096153846154 0.7451923076923077 0.06971153846153846 0.5096153846153846
0 0.27524038461538464 0.6826923076923077 0.09975961538461539 0.5841346153846154
0 0.4050480769230769 0.7548076923076923 0.07211538461538461 0.33653846153846156
0 0.3557692307692308 0.5276442307692307 0.04807692307692308 0.1814903846153846
0 0.4411057692307692 0.5480769230769231 0.039663461538461536 0.21875
0 0.5036057692307693 0.6358173076923077 0.04807692307692308 0.3161057692307692
0 0.5552884615384616 0.6081730769230769 0.037259615384615384 0.33533653846153844
0 0.6346153846153846 0.71875 0.09254807692307693 0.5612980769230769
0 0.7632211538461539 0.640625 0.025240384615384616 0.28125
0 0.8064903846153846 0.6057692307692307 0.037259615384615384 0.2644230769230769
0 0.8533653846153846 0.5685096153846154 0.04567307692307692 0.1778846153846154
0 0.6875 0.5588942307692307 0.036057692307692304 0.21394230769230768