0 0.036621 0.898438 0.065430 0.164931
0 0.167969 0.915799 0.074219 0.168403
0 0.155762 0.744792 0.030273 0.184028
0 0.195801 0.768229 0.049805 0.126736
0 0.288086 0.843750 0.060547 0.312500
0 0.348633 0.836806 0.054688 0.326389
0 0.594238 0.782118 0.051758 0.303819
0 0.556641 0.703125 0.021484 0.111111
0 0.637695 0.793403 0.052734 0.274306
0 0.681641 0.711806 0.052734 0.131944
0 0.765625 0.708333 0.037109 0.100694
0 0.820801 0.735243 0.047852 0.137153
0 0.867188 0.778646 0.042969 0.262153
0 0.947754 0.737847 0.061523 0.180556
0 0.464844 0.813368 0.031250 0.078125
0 0.510254 0.818576 0.043945 0.092014
