0 0.7175480769230769 0.8293269230769231 0.04326923076923077 0.27403846153846156
0 0.6466346153846154 0.8245192307692307 0.05048076923076923 0.3137019230769231
0 0.8341346153846154 0.7271634615384616 0.037259615384615384 0.16105769230769232
0 0.8353365384615384 0.9110576923076923 0.051682692307692304 0.1778846153846154
0 0.9567307692307693 0.8822115384615384 0.057692307692307696 0.13942307692307693
0 0.40865384615384615 0.7752403846153846 0.04326923076923077 0.2848557692307692
0 0.3641826923076923 0.7860576923076923 0.040865384615384616 0.2644230769230769
0 0.3173076923076923 0.7151442307692307 0.040865384615384616 0.1346153846153846
0 0.23557692307692307 0.6935096153846154 0.015625 0.09254807692307693
0 0.17548076923076922 0.7211538461538461 0.036057692307692304 0.10697115384615384
0 0.13942307692307693 0.7463942307692307 0.03125 0.22115384615384615
0 0.05048076923076923 0.7235576923076923 0.06009615384615385 0.15144230769230768
0 0.10817307692307693 0.7355769230769231 0.03125 0.1814903846153846